GeneSymbol	A1	B1	C1	D1	E1	A2	B2	C2	D2	E2
CXCL1	17.823631	18.097288	17.815094	17.736135	18.108793	16.86662	16.940443	16.556637	16.483898	17.179996
RASD1	7.8721285	8.070038	8.3436	8.537961	8.647342	6.5319333	6.8669033	7.364363	7.3886595	7.702431
HEXIM2	5.163593	5.612236	5.300177	5.359742	5.163712	6.229399	6.067139	6.2622757	6.7205095	6.495769
VAMP1	5.93548	5.900678	6.2407618	6.5036764	5.537054	6.919571	7.180214	7.433446	7.70073	6.7646112
MMP1	14.390143	13.913692	13.13867	13.735762	13.937885	12.16947	11.93276	11.564159	10.970112	12.157648
FAM129A	7.0009437	7.184901	8.534228	9.133409	7.173932	8.410375	8.844069	9.318111	9.919846	7.8039584
DSEL	7.7706056	7.451237	8.783645	8.901315	7.649909	6.872271	6.93813	7.686161	7.025557	6.528849
RP11-182I10.3-002	3.3406396	4.4394255	3.9467578	3.8698509	4.5537033	4.824275	5.2166586	5.4917145	4.438379	5.778012
NT5DC2	8.792934	9.15041	9.292812	9.133982	9.057174	7.8921113	8.025098	8.15639	8.213416	8.081589
PRLR	3.3568647	1.3554047	2.6196096	2.8573663	2.2603214	4.375452	3.59047	4.865872	4.7689056	3.8119423
CELF2	6.940097	6.6809187	8.040289	7.03059	7.205283	4.8000784	5.4890757	6.3684607	5.3333573	5.7432046
NKX3-1	8.815471	8.5944	8.14511	8.878388	9.186881	10.530319	10.729283	10.564192	11.1354685	10.529426
GRK5	8.071565	7.4923773	8.122639	6.92173	7.5050073	7.1361227	6.8163257	6.726851	5.9363117	6.2125187
FR264384	6.274694	6.1785846	5.370429	4.3686275	6.155017	4.1190786	4.1348023	3.9326031	3.7730002	5.2973714
RP11-243M5.1-001	5.984571	4.773973	4.8301077	3.8534832	4.3577175	4.3151736	3.9570236	3.7866066	3.3218472	3.3560145
JAG1	4.0725117	4.772802	5.921674	4.8079453	4.9352784	3.538367	3.947224	3.8814166	3.3534272	3.9292564
C5orf13	6.8827558	7.205406	7.5027227	7.576886	7.7246113	4.9995875	5.8106647	5.7812805	5.854424	6.444007
RASSF4	4.334462	3.6010551	4.345763	4.1408515	3.7203016	1.7582062	3.0074966	2.0420945	3.4796152	1.663485
SLC38A1	2.8208053	3.9337869	5.521475	3.5161142	5.118207	1.3187053	2.709985	3.4578269	1.5822836	3.2235649
KLHDC7B	7.9653015	5.2871337	7.0887284	3.8174374	6.815853	5.9465017	4.381273	6.144209	3.4745636	5.7381744
C15orf37	7.382274	7.601616	7.7808394	7.3974514	7.8182306	8.774025	8.525027	8.614464	8.988967	8.3394575
NKX3-1	8.955807	8.858736	8.719819	9.386084	9.627071	10.806484	11.090481	10.886304	11.432863	10.941723
FR169184	10.368193	10.315717	10.76204	10.99772	10.543691	11.4453125	11.715262	11.710702	11.978038	11.160198
AC009133.20-001	6.6102304	5.5294313	5.438901	4.962526	6.2027245	8.139827	7.1116233	7.1429815	7.2349586	8.262494
RFXAP	5.02279	5.0010796	5.2714357	4.9299083	5.2358675	4.107774	4.8695374	3.8073583	3.28863	4.13242
FOXF2	4.915067	4.5470796	6.2239075	5.997873	5.8194604	3.5586338	3.5203187	4.6067467	4.6237707	4.7643156
AGMAT	4.3237505	4.65059	4.3645244	3.7081223	4.2303224	2.5530446	3.7194166	3.298715	3.0483558	3.2749796
CDCP1	5.5030546	4.282454	3.7194166	3.548532	4.5921936	3.019755	2.9516737	2.4306118	2.7175767	3.4878545
CARD14	8.218503	8.092996	8.518019	8.942326	8.2885065	7.1940093	7.1692204	7.1894937	6.6620455	7.053318
RP11-78A19.2-001	5.9011364	5.112383	4.2860374	5.8371506	4.8913846	5.4247093	3.718368	2.7500808	4.764231	4.0889745
ADAMTS1	9.321407	9.082759	9.763236	8.77573	9.436076	8.162794	8.711845	8.063908	7.4380746	7.996209
MS4A7	7.922726	4.5456734	4.3600373	3.3732252	5.5723805	5.072703	3.5093927	1.7567611	1.559532	2.6315742
TNFRSF11B	14.232628	13.173217	14.475096	13.793839	14.384145	12.410989	11.944915	13.395622	12.680522	13.266053
C1orf96	4.225155	4.7052298	4.842801	5.07376	4.523751	3.1628969	4.1300316	2.9104962	2.7846339	3.943923
STEAP4	11.29379	10.845901	11.641771	8.645236	10.885598	8.659926	9.160166	8.732989	7.4787617	8.626647
PLCB1-IT1-001	6.838259	6.5755353	6.174032	5.748156	5.9492826	5.2332916	5.2871337	5.090712	4.730806	5.616313
CDKN2B	5.231442	5.706205	6.146958	6.579541	5.563618	7.202894	7.318499	7.149392	7.5577793	6.356337
linc-TAGAP-1	5.010043	5.4176636	4.743315	5.5254855	5.6542635	6.608384	7.0141363	6.2427917	7.9842043	7.3976164
FR407458	11.381938	10.642254	9.877253	9.531825	10.250126	9.775715	8.947062	9.063293	9.288814	9.388499
IL36RN	2.8184762	4.3234906	4.9343596	7.061408	3.7396243	4.609366	5.1267114	6.727564	7.914064	5.318643
CYP24A1	6.606415	4.472766	5.293923	3.58723	6.07255	2.6097882	1.5497539	1.8989996	2.4072967	2.7318242
RNU4ATAC	4.3823824	5.4247093	4.8108325	4.665654	4.925752	1.5660572	2.1747143	1.773514	2.17525	2.4215872
MEGF9	6.0278487	5.707677	5.674585	5.4252834	5.7825823	5.2476864	5.07386	4.3198485	4.0967607	4.85615
CXCL12	4.974283	4.923105	3.9561238	4.643444	4.0872416	2.4656098	3.6565745	1.5146421	2.7728925	2.3499398
GCNT4	4.7138977	4.452213	2.6914985	3.7568574	3.7342472	4.989425	5.485456	4.7589674	4.811952	4.4510736
GJA1	10.295832	10.28237	10.649027	10.454136	10.58828	9.117824	9.395988	9.325906	8.527723	9.436753
linc-MMP16-2	6.9437046	6.509166	6.7895927	6.944874	7.3752313	7.9635835	7.8103228	8.108006	7.724098	8.267099
ANKRD1	4.2727847	5.115658	3.7797377	5.8455157	4.606021	1.9510909	1.9732265	1.9534472	3.6241202	2.6038377
HERC5	5.337231	5.893657	6.056892	5.143162	5.6117096	5.758505	7.337313	7.4855146	7.502181	7.225598
LAMA3	2.4146636	4.147794	5.5892563	4.8845654	3.7780297	4.6654058	5.253895	5.9318237	5.83006	4.445088
LOC101927811	3.671104	2.4495845	3.2849622	4.107163	4.4375296	4.207876	4.6752887	4.430147	5.189155	4.8233304
CCR10	5.624269	5.3619733	5.7105746	5.3443136	5.826107	7.1373334	7.039537	6.9820924	6.6907125	7.476456
TUB	4.933347	5.793914	5.5339227	5.955205	5.9230423	3.425119	5.049136	4.4381557	5.0893154	5.111661
LGI2	5.185891	4.4914217	5.2931495	6.8279524	5.9684606	1.4338673	3.9713624	4.1210947	4.9093885	4.484728
LMCD1	9.196587	9.321532	8.602532	8.575153	7.9699035	7.5517097	8.148494	7.2279844	7.8572774	6.734989
DTNA	4.8805566	4.82101	4.969881	4.9519525	4.452213	4.4699717	2.6386817	3.3603406	4.038356	3.3245192
GABRQ	3.1298592	3.8307521	3.9315245	3.3613446	4.519244	5.6219783	5.516523	5.0877085	4.1547327	5.570191
CD274	10.305633	8.565676	8.0730095	9.245565	9.781773	10.367795	10.331525	9.740188	10.720977	10.221917
CD34	3.426622	4.3386707	5.461543	5.8995705	4.0864277	5.334049	5.652503	5.952177	6.681462	4.607521
LOXL4	7.1044803	6.521611	7.276066	5.371714	5.910626	4.465525	5.092779	5.16623	4.684717	4.215604
PNMA2	7.5163617	6.581335	6.4145255	6.3320007	6.5286446	6.2618084	5.812305	4.8683677	5.3165674	4.915143
CSF3	10.583193	10.897073	9.959642	10.403148	10.003372	7.409186	7.609497	7.90139	7.8394513	7.9286575
CD83	6.091055	5.121364	6.0841875	7.248969	5.991444	7.5225644	7.039155	7.8350353	8.682837	6.695054
SLC6A9	10.3133335	9.830233	9.37869	8.009217	9.545088	7.3046646	6.9148874	7.7766066	6.4625635	8.068757
PLK2	8.001395	9.384484	9.185071	10.100941	8.707422	6.6095843	8.314654	7.483426	8.229461	7.282389
FR353987	6.304945	5.7059402	6.3840685	7.5184326	6.413901	7.948335	7.5626564	8.35194	8.861037	6.829929
RASSF10	5.006103	4.454023	4.037069	4.5564504	3.7983413	2.6961155	3.9243913	3.2044873	2.2422202	2.354401
FR066129	6.9838777	6.6982822	6.9947166	6.68764	6.9940367	4.6152835	4.9821224	4.6671495	4.85498	4.678261
GOT1L1	4.8574295	5.0792685	4.924144	5.1112785	4.9139915	3.4951293	3.6532164	3.9276707	3.7051382	4.2492857
ENOX1	4.183683	4.3823824	3.9198084	4.3566327	4.005361	2.9860806	4.0920677	2.0328312	3.5246859	2.3932004
C5orf13	5.516246	6.2183285	6.604732	6.5989547	6.595379	2.7221966	4.7734184	4.596707	4.3850245	5.4583044
LOC100130476	7.9047575	7.625229	7.5321293	7.8381157	7.7419715	8.707883	8.580942	8.956877	9.200515	8.811415
WARS	14.047376	12.677952	12.868648	13.475548	14.873519	11.970211	12.191688	12.346055	12.417913	13.471327
SV2A	5.370048	5.724472	5.6592436	5.456006	5.8158727	3.6796117	5.0666585	4.1915646	5.176266	4.9052806
PYCR1	5.959335	6.974251	6.5798607	6.1242795	6.800978	4.1396146	5.0677676	4.9568925	5.20515	5.648956
linc-TAGAP-1	4.781161	5.3559766	3.9291568	5.457045	5.2309504	7.2868547	7.5511475	6.3990407	7.7650013	7.503155
CDCA7L	5.7622895	5.8800564	6.1853757	5.802503	5.6875896	4.7149553	5.0281606	4.990291	4.48504	4.7894425
SLCO5A1	2.4230993	2.0161407	2.7332788	3.3598962	2.5396829	3.8052828	4.1639156	4.714884	5.576009	4.0766244
AREG	6.94082	6.769625	6.6775985	7.1830835	6.6944714	5.2849746	5.1218524	4.851514	4.91389	5.2485714
PLCD4	5.437317	5.091687	4.977109	4.5943174	5.1044087	3.3385966	4.263994	4.4511905	3.549047	4.478551
PPP1R32	4.0303874	3.1450257	3.5375118	3.4866567	2.4129198	5.0814486	4.2701716	4.671179	4.797631	4.4016027
CCDC176	5.3057075	5.4677086	5.9253783	5.434058	5.615427	4.1506577	4.961801	4.477529	4.6108313	4.3876286
NINJ1	9.120699	8.801319	9.102817	9.633326	8.739762	10.220693	10.192016	10.511165	10.913819	9.960679
PHACTR1	7.357045	6.884926	7.0871434	7.2802553	7.5058093	8.243268	8.228301	8.237577	8.39827	8.351757
NKX3-1	5.751952	6.0900116	5.7805533	6.2014394	6.602056	7.713796	7.94486	7.9139204	8.227411	7.576392
ISG20	9.101454	9.223182	9.110393	8.651299	9.702616	9.43635	9.940348	10.681967	10.626986	10.980613
C6orf132	7.008341	6.5344195	6.25602	5.6876907	6.2929864	5.563945	5.5749526	4.9130926	5.109102	4.9867053
CCL2	14.597239	14.319937	14.768064	14.480007	14.563347	12.947876	13.18335	13.136474	13.096583	13.262342
C1orf21	6.554391	7.0579724	7.666956	7.737906	6.6259837	5.7335706	6.2641044	6.3874497	6.8710456	5.3454356
NAMPT	9.805761	9.263933	9.011604	8.844446	8.945655	8.306218	8.143675	8.16181	7.6780987	7.9792204
LINC00473-005	5.0987105	4.7584496	4.4202995	5.0554624	4.1463795	1.9506876	3.7621021	2.9124913	2.301561	3.3929172
CXCL2	16.934425	17.233686	17.108486	16.940443	17.384418	15.974128	16.163666	15.737853	15.765851	16.406868
IL23A	8.348285	8.683104	7.782992	9.606696	7.752084	6.758835	6.731455	6.9037995	7.457655	5.9920096
POLR2A	8.074777	8.139525	8.219069	8.231124	7.9092064	9.774454	9.948046	9.873076	10.105021	9.647226
TENC1	8.088625	8.121134	8.46452	8.190764	8.604923	7.0799317	7.370304	7.1890974	6.90821	7.641843
GPX3	8.576444	8.986409	9.081992	9.713829	8.513727	10.641062	10.863717	10.454494	10.930794	9.41687
HMOX1	7.28459	7.0279374	6.9933195	8.026512	7.099965	5.7100716	5.8898892	5.7795076	6.5917754	5.8573956
MT1G	10.346963	8.504798	7.8339524	7.1011696	9.019503	10.46249	10.157463	9.0941	8.453616	10.40073
ADAMTS1	9.940948	9.795909	10.56364	9.395988	10.121565	8.883457	9.382495	8.758686	8.379844	8.82348
OVGP1	2.5967937	3.6089084	4.7583613	3.8191538	4.7347503	4.414721	5.1825104	5.6407523	5.208872	5.641918
FAM65C	6.0412917	5.443243	6.786309	6.454589	4.873068	3.2957175	4.0949607	5.4789686	4.579309	3.698557
RP11-589P10.5-001	3.570487	4.296321	3.8704371	4.4851995	3.4002202	4.652582	5.0688887	4.6091995	5.2676725	5.0633683
RNF152	4.441121	4.6494102	5.593792	5.306968	5.8223004	2.350578	4.112229	3.9815123	3.7709067	4.715969
linc-TRIM29-3	6.1844425	6.809973	6.318924	6.6180086	6.5691466	7.369548	7.5456595	7.0725617	7.920097	7.640399
C17orf108	2.6233604	3.626387	4.036848	3.8978992	2.7904484	4.338858	4.826266	4.2905607	4.6034794	3.9830852
SH3TC1	4.8020835	5.0072165	4.313114	3.4727097	4.573625	3.3105533	3.6904423	3.3663216	2.508254	4.0126915
FABP5	5.6495013	5.92119	5.757981	5.833415	5.8589325	4.8211308	4.6083994	4.613912	4.7496367	4.8426933
IFT81	4.3946824	5.08444	5.243587	4.645139	5.156665	2.874055	4.142144	3.868249	3.8196201	4.3298373
LGR4	9.041299	8.350978	9.002971	9.267033	9.278292	8.285455	7.9613457	7.7055697	7.565902	8.304255
IL15RA	10.070385	9.51126	9.209999	9.344232	9.862996	10.377749	10.360526	10.859421	10.989101	10.66197
linc-GBP5-3	3.2531242	3.9194455	3.615128	4.247535	2.982022	4.8961325	5.570482	3.3758414	5.170624	4.5992045
linc-C20orf111-BP	3.6948166	3.7310839	3.4218233	3.0869102	2.8630795	4.6386833	4.449822	4.4446135	4.4162455	3.9161973
FR373416	8.156641	8.49391	7.596125	9.431497	7.534444	6.5035877	6.6025424	6.5964217	7.192831	6.03595
STK17A	5.2309504	4.8516817	5.2389565	4.3430023	5.315928	3.9322917	4.2454643	3.6348104	2.0885217	4.547931
APBB1IP	10.6554365	11.138926	11.095974	10.767375	10.7528515	9.465444	9.871301	9.506535	8.906157	9.594584
AQP9	7.439723	6.373859	6.2092695	4.656591	6.1262712	6.1462607	4.7974796	4.3925676	3.5672925	4.5575585
TRIB2	4.796139	4.9811115	4.52923	4.3364816	5.6516933	1.781167	3.5263073	1.9064323	2.738609	3.6863346
FTHL17	13.988123	13.155799	13.04592	13.143824	12.524948	12.616992	12.323551	11.96912	11.723717	12.023363
ADAMTS9	7.432931	6.322859	7.641843	6.6929636	7.0889435	8.479091	8.435514	8.550863	8.148862	7.898991
SLC38A1	3.9383059	4.5685177	6.593642	4.496336	5.6027	1.8534825	3.2369556	4.6795774	3.2034423	4.194762
KRT75	4.8775525	6.80859	5.9755645	6.1371	6.9307995	2.782769	4.788025	5.1372952	5.263578	6.4127316
ICOSLG	3.5356236	2.9974782	3.8343894	4.571872	4.059428	4.717385	5.259728	5.3353453	5.81649	5.2897625
linc-TRIO-5	1.2980393	3.9271793	5.110285	4.5553594	3.8377817	4.5108647	5.3941665	6.1969733	6.318924	4.519244
PRLR	2.7329538	1.3802247	2.6525712	3.3053365	2.4455304	5.0168986	3.9900296	4.5579042	4.721092	4.0582423
GRHL3	5.6039124	4.9206405	4.7257237	4.737013	5.440783	7.1044803	6.5557575	6.293283	4.8445807	7.258435
LOC100129363	4.0770607	3.951716	4.306082	4.540361	4.502821	4.7020674	5.262692	5.719106	5.8358912	6.39202
IL15RA	9.587169	9.005392	8.98554	8.944434	9.548417	9.985181	9.98369	10.689657	10.699319	10.191719
IGF1	7.6244764	8.902958	9.204287	9.227762	8.022114	5.8441067	7.255313	7.882246	7.786568	6.885189
FLJ27354	4.7713623	4.459441	4.159675	4.6653285	4.390581	5.469599	5.973557	5.4709744	5.223193	5.3738446
SYNDIG1	5.049764	5.932567	6.275966	6.3763347	5.365778	1.99147	3.3779016	4.2894254	3.1041455	3.6345687
FAM65C	5.2917695	4.595435	5.988893	5.6183534	3.9194455	2.9137506	3.1607034	3.9385457	4.4289145	3.40835
LINC00884-002	3.575401	2.8804543	3.9772604	3.2771783	4.187448	5.1110063	4.018332	5.0604887	4.7698054	4.318101
CCL7	10.557183	9.530762	10.261369	10.455935	10.1301775	8.225578	8.193865	8.307337	7.4736247	8.200582
JAM2	4.254614	4.988141	5.619995	5.9940453	5.81997	5.969337	7.2590322	7.207189	7.3809695	6.592124
C9orf47	4.017383	4.288221	4.564251	4.2359977	4.182981	2.3084729	3.604031	3.0881133	3.466247	3.1344788
HPD	5.24835	4.9538636	5.972348	4.309453	4.292035	4.7688346	2.8136072	4.436733	3.2820034	3.2862406
RUNX1-IT1	7.4537277	6.7771726	5.41875	5.2349086	6.503898	3.3877373	4.2450376	3.9829402	3.545272	5.7138877
PDE4D	5.6387115	5.6303515	6.0373507	5.8687754	6.2939653	4.139046	4.478684	4.608089	4.980943	5.0564313
STK32B	6.5956573	6.2004642	6.7418423	6.9114747	6.8564663	4.933557	5.174787	4.9380355	6.4741364	5.4225807
PLEKHA4	5.6896815	6.4724402	6.311204	6.444747	6.104422	6.8026795	7.426823	7.1490564	8.190076	7.4847736
ZSCAN5A	5.799008	5.4885077	5.863644	5.692483	5.915396	4.4899907	4.8095455	4.5522265	4.6671495	4.7490396
GLRX	14.949387	13.637688	14.551795	14.332671	14.966195	13.371714	13.145398	13.260973	13.291957	13.871696
MST4	3.677764	3.9164448	4.7657228	4.649944	4.829935	5.7311697	5.974089	5.811493	5.6348615	5.4957085
FR342398	6.7239733	6.3697104	6.8028183	5.0837	6.210259	4.936058	4.7508655	5.6871414	2.7890317	5.155681
IL15RA	9.95697	9.400735	9.169452	8.929754	9.497773	10.402921	10.308341	10.758658	10.472905	10.254313
RAB27B	10.178236	9.625631	10.118959	10.099867	9.627071	9.399084	8.817098	8.938957	7.9096875	8.568391
IL6	17.759605	16.934425	17.035099	16.68222	17.655796	15.774092	15.375897	15.311981	15.147671	16.155573
FTH1	13.883501	13.743557	13.311907	13.608324	13.438265	12.687221	12.838509	12.440401	12.404667	12.521472
THBS1	12.292484	12.600145	11.624846	10.341725	11.613403	9.701658	10.177652	9.607489	9.589599	9.889692
UPP1	7.5055428	6.6750307	6.057702	6.420118	7.3726096	6.059614	5.714485	5.157707	5.5462112	6.286117
LANCL2	3.7416842	4.3875556	4.8293576	4.603421	4.632759	1.6795751	4.233015	3.542453	3.723524	3.9643295
SYN2-002	11.887418	10.904685	10.85071	11.241758	11.317692	10.18088	9.389606	9.515338	9.815121	10.1769285
BAIAP2	5.7702227	6.6158266	6.8681927	6.8326697	6.455479	6.668345	7.990512	8.115875	8.524706	6.9460216
DACT2	11.139902	10.479779	9.497165	8.057003	9.977819	10.025461	9.263382	8.140805	7.001561	8.91271
RP11-439A17.9-001	1.3211473	3.3952212	3.4057636	3.432323	4.1898603	4.593609	4.9541445	4.937046	4.770636	4.9454875
TNFRSF6B	8.987081	8.441224	8.03302	6.7151823	7.7812085	9.570921	9.100847	9.457925	7.9699035	8.919125
PRIC285	9.742622	10.24006	9.902125	9.5832205	9.9094515	10.58641	11.312414	11.013061	11.551693	11.47346
MARCKSL1	10.462832	9.843008	9.484398	10.434787	9.942672	11.072806	11.517866	11.291429	12.314885	10.593104
AREG	7.316987	7.074383	7.15884	7.6711574	7.1618657	5.05241	5.5774975	4.9925723	5.2348175	5.900099
SLC12A8	7.5625095	6.702722	7.607878	5.6108904	7.0709257	5.348222	5.1627936	5.6187634	5.3789783	5.795384
PCSK1	6.2475324	5.812843	5.24077	6.7718177	6.6212144	4.3260045	5.0672636	3.1860628	5.361122	5.896969
KDELR3	10.58828	10.549097	10.815448	10.250819	10.8536005	9.046834	9.43074	9.607643	9.361008	9.683444
PMAIP1	7.050388	6.186945	7.051094	6.9013357	7.5665026	7.898648	8.153904	8.2911825	8.017278	7.972195
MAGED4B	7.832777	8.210448	7.492955	7.6261606	8.043476	6.626786	7.1024837	6.5249476	6.930179	6.9883833
CDKN3	7.737206	6.801132	6.9992423	6.4840603	7.3922367	6.1245227	5.5588427	5.8885217	6.094211	6.5418468
SLC6A13	1.5811839	2.7612703	2.8472085	2.1945817	3.335132	5.056009	4.954419	4.772802	4.4005117	4.082319
RP11-809O17.1-002	3.0811298	4.3555884	5.131836	4.730155	5.4823933	4.683033	5.2292757	6.1288433	5.944171	6.122562
NAMPT	9.457268	9.140789	8.869626	8.527097	8.781165	8.051728	7.831857	8.126959	7.3930655	8.174113
ZNF423	7.7841697	7.1895885	7.224551	5.8697925	7.6240973	6.546097	6.586855	5.984161	5.0753365	6.2298946
SERPINE2	16.251644	15.808709	16.331757	15.753134	16.546549	15.04172	14.886815	15.087419	14.392905	15.268359
FCAR	7.519235	5.351498	5.258115	5.366495	5.6950865	6.0355783	4.716573	3.8761065	4.7927866	4.3383865
CCDC69	5.804338	4.962986	5.6903615	4.6240864	4.507525	3.8891556	3.5687137	4.383317	3.798114	3.906958
ATP2A3	5.466741	4.7663813	4.207809	4.3896894	4.4998655	2.3374395	2.9831393	2.509539	2.9530096	3.2324464
C6orf192	6.146809	6.175314	6.644167	6.1744013	6.5403676	4.5049767	5.2558765	5.8501787	4.977189	5.8085093
MT2A	15.03141	14.397632	14.152763	14.706355	14.918158	13.735762	13.354991	13.216662	13.280277	13.840383
LOC100128668	7.2513547	7.2008014	6.365868	5.235553	5.9749255	5.7961473	5.2847986	5.9392667	2.5372643	5.7881546
TNC	14.1677265	14.072028	13.88156	13.81698	14.45427	12.920426	13.578298	12.914056	12.565752	13.307172
CCL8	12.240026	10.769498	10.999957	9.935299	11.417503	6.877806	7.075602	6.7936645	6.1907234	7.8859124
IL1RL1	5.733868	4.458142	6.9283853	6.548174	6.930628	4.660851	3.5898645	5.116754	3.8334215	5.4573913
FR014741	5.8888927	5.7021194	5.432899	4.925481	4.958935	3.95061	4.661598	4.4080877	2.3655646	4.343436
C11orf87	4.453045	3.9076142	4.0970016	4.2065744	4.3245935	1.3496834	3.2547424	2.0210946	3.2646668	2.6390705
SLC2A1	8.405689	8.188653	7.4180527	8.057922	8.614868	9.344232	9.636495	8.960014	9.157117	9.45912
linc-CCND3	7.665868	7.069293	6.914108	6.0310936	6.637726	6.29261	6.1750426	5.453559	5.6532807	5.240036
SUB1	4.347026	4.305093	4.31096	4.703633	4.230832	1.7915465	4.440324	2.1511738	3.3895814	3.43935
HTR2A	7.5119815	7.726105	7.5291815	6.1243973	8.273959	5.9088345	6.115892	6.4034033	5.1751094	7.1745195
SERPINE2	15.356785	15.112562	15.498831	15.082279	15.708238	14.004439	14.047376	14.312498	13.81698	14.52019
linc-DDX19B	5.7805533	5.1295433	3.9949749	4.751538	5.2566237	6.9253807	6.1388407	6.257414	5.0652018	7.326855
TSPAN15	6.7791653	6.161191	4.0275245	4.636014	6.5462885	4.7899733	4.996704	3.6033146	3.6909974	5.742838
LBP	13.452094	12.205456	11.1345825	9.411273	10.501638	9.32273	8.127891	8.121552	6.27243	8.03678
CCL3L3	10.3335705	8.299106	8.131383	7.593327	8.338936	7.5362434	6.2653775	6.737921	6.992972	6.355033
RP11-48B3.4-001	1.2787149	3.5976644	4.060748	3.7695825	3.5878823	4.304852	4.5817103	4.952543	4.6447573	4.31288
SEC16B	5.3931017	6.4941053	5.2391005	5.161693	5.7970467	2.5623448	5.418843	3.5995157	4.230397	5.047618
RSAD2	4.817415	5.043859	5.4863696	4.6795774	4.976708	5.629193	6.3148556	6.928188	6.51044	6.9319906
HSPA1A	11.203017	11.044971	11.480224	11.864987	11.305654	13.066887	13.04324	12.886933	13.227943	12.63645
AQPEP	6.398306	5.5863357	5.0721292	5.7230835	5.186208	4.9821224	4.9540772	4.19043	4.6066265	4.1102743
LINC00910-003	5.4958076	6.3114014	5.432584	6.9040327	6.7305465	7.167257	8.1964445	8.064282	7.74041	9.208035
linc-ELTD1-2	7.965457	8.01142	8.657435	7.9149356	7.9484863	6.6128826	6.948737	7.489197	7.204371	7.196926
KCTD15	6.3315496	5.6923428	6.1303253	6.2804	5.9732804	5.0654655	4.43276	4.5784597	4.809372	4.815733
ADAMTS14	4.722137	3.580414	4.935013	3.769442	4.250203	1.6276472	2.5487742	2.4961085	2.3733394	3.3080292
LPCAT4	5.583014	5.2068534	5.8616962	5.243497	5.4644485	3.9074583	4.7296143	4.341066	4.7957993	4.531633
ZFPM2	1.9034001	4.249594	5.679616	5.549004	4.8414216	3.4547503	6.037655	6.6572657	6.632586	5.157488
C2CD4A	5.5769005	5.561484	5.706292	5.7616215	5.042693	4.25441	4.391897	5.1462817	4.1887937	4.177776
PRDM1	4.9541445	4.445475	4.427196	4.3733478	4.0688844	3.6784651	3.4729102	2.9615045	3.75953	2.1812868
IFIT2	9.030867	8.956382	9.338097	8.625994	9.852027	9.5186405	10.752039	10.88996	11.6459675	11.583134
TNF	6.0249214	4.8898706	4.409806	4.4254904	5.7597113	6.783345	6.246708	5.69114	7.0900145	6.3507085
FR257747	5.140453	6.304324	5.727812	6.7341146	5.2715054	3.8836503	5.155742	4.1183476	5.039459	3.8613107
RP11-356I2.4-006	1.6910542	3.8552978	3.8066719	3.742606	3.7576292	5.1733794	6.2955713	6.5663333	6.3497906	6.1242795
KCNJ18	5.329413	4.797631	4.829875	3.926797	4.671081	4.047078	3.903453	3.6297257	2.5055728	2.5786924
PYCR1	7.347765	8.42326	7.906278	7.5340815	7.9434752	6.279671	6.9042106	7.0193315	6.9017987	7.0331106
ADORA2A	7.5401626	6.8750443	7.2367153	8.276022	7.257161	8.960717	8.342384	8.735222	9.724337	8.268282
CSF3	13.083264	12.996612	12.011763	12.455482	12.191688	9.678017	9.729505	9.950344	9.77953	9.880703
linc-USP24-2	4.572319	4.4427958	4.107774	3.9744508	4.1875443	5.3803935	5.109278	5.466501	5.2715054	5.6909714
LOC101929299	5.2103753	4.019112	5.6335287	5.770871	5.697696	3.3338017	3.6296234	4.741723	4.7732215	4.518811
SFRP1	8.100721	9.101343	8.824245	9.568771	8.533814	6.583838	7.6737523	7.6705494	7.637953	7.383414
linc-RASA3-7	5.9323797	4.717825	3.8365915	4.281553	4.8909993	6.9960904	5.8765945	5.8131785	4.391897	6.7869277
PDK1	6.7065244	5.9048223	5.214555	5.30598	6.5172825	5.7027984	5.3802533	4.285688	3.0567079	5.889988
MYZAP	4.8643103	3.667421	3.823221	3.9386125	3.7040505	2.3295999	2.042403	2.8139791	3.4451773	2.7748406
AC006378.3-001	5.465889	5.600537	6.3229756	6.023364	6.695631	6.713819	6.9460216	7.3466425	7.5151978	7.4539175
DDIT4L	4.6971235	4.935013	4.9166203	4.6963034	5.237105	1.3179199	3.0885544	1.637063	2.5724528	3.2652674
HNRNPDL	5.2102923	5.1817317	5.0561028	5.1244273	5.0530734	3.9575477	4.8949533	3.6314328	3.786018	4.1526885
KIAA0226L	6.3949304	4.8802876	4.5912538	4.9716234	4.6339126	3.7443707	3.3651485	3.2454083	3.3529775	3.2592824
LOC100130476	2.002413	2.0070848	1.5823283	1.9555482	1.2819765	4.3868456	4.9602747	5.3859787	5.4428263	4.5699244
DDO	2.476369	4.455209	4.396592	4.1285806	3.8159356	4.7404695	5.5140915	5.2060175	5.6915374	5.49061
STON1	6.673211	5.1239743	6.053281	4.8865924	6.125419	3.495507	4.239168	3.2331905	4.0397882	4.561318
ADORA2A	8.048374	7.580266	7.8246784	8.93447	7.845088	9.407664	8.950333	9.326313	10.466442	9.067944
LOC101927106	3.942176	3.411136	3.4682648	4.051746	3.8275952	4.9642253	4.59135	4.302042	4.6269355	5.632528
CC2D2A	6.762846	6.7158313	7.3044515	6.7614455	6.6951203	5.0208354	6.33648	5.969882	5.2574778	5.7052417
AC073641.2-001	5.1086707	4.884717	5.9388437	4.2860374	5.4953427	2.0482557	3.466928	4.1786275	2.598938	3.7113981
linc-TSHZ2-1	8.511419	7.236217	8.319487	8.879033	8.1585655	7.503603	6.2800903	7.52387	6.8585367	7.558751
SLC22A3	5.266459	4.4372544	4.7870045	4.286484	4.819542	4.121163	4.7143435	3.7863154	2.6747506	3.2360504
ABLIM1	8.21361	8.611981	9.064106	8.693976	8.926923	7.451821	7.6378126	7.950288	7.4090667	7.957116
TNFAIP6	16.012735	15.566744	15.832549	15.226059	15.3219185	13.812944	14.066203	13.763935	13.100313	13.648535
linc-DHX37-4	3.3286304	3.4746294	3.9823413	4.1898603	4.552531	5.362178	5.302664	5.8884034	5.6307893	5.6420455
CCL3	9.336225	7.4723086	7.413726	7.2775383	7.590815	6.5145807	5.1489124	6.0187	6.7803316	5.423016
PLEKHA2	4.217515	4.6809187	3.7227762	3.6620424	4.635729	1.7127155	3.3993223	1.6045896	2.2577689	3.4015296
MX1	10.481602	11.875156	10.755429	9.967385	10.535352	10.958091	12.355806	11.810415	12.221817	12.422699
PTPN13	6.4188805	6.1744013	6.9917192	6.056365	6.6967897	5.0849514	5.4421854	5.7427397	4.365594	5.543682
WDR69	5.9313545	7.1426144	7.306747	5.8085093	7.2436175	4.640612	6.404928	6.2509646	4.2440414	6.1953883
LINC00968-003	8.591158	9.518391	9.61087	9.006604	9.500703	7.424423	8.134292	7.8576555	7.619662	8.0680485
ICOSLG	5.8625855	5.2953606	5.225443	6.0061245	5.808906	6.6733437	6.535382	6.681597	7.2532535	6.6817126
CCL4	10.423444	8.163191	7.00716	6.7175484	8.246809	7.7348695	6.0916033	5.9425654	6.733449	5.254642
CTSC	4.818555	5.2365456	8.471063	7.493073	5.309537	3.6112823	4.305368	7.195912	6.2967196	3.802769
AC003991.3-003	9.993431	8.868671	10.240916	7.2463293	9.471345	7.5085483	7.843979	7.1877446	5.5763392	7.2254853
CXCL6	16.455881	16.347628	16.644268	16.089603	16.720682	15.571148	15.507912	15.455515	14.465464	15.7802925
RP11-442H21.2-001	7.42367	6.853517	6.8643746	6.6810393	7.5027227	6.1412477	5.8169546	5.9853725	5.9104843	6.13766
GAS1	11.651929	11.386599	11.357031	11.523024	10.990143	9.2560425	9.488547	9.16103	8.648888	8.880551
RP11-624J12.1-001	5.886185	5.5017986	5.665225	6.7261477	5.979387	4.4965177	4.6658816	4.693735	4.7721186	5.3307514
HCST	6.4654694	6.5459714	6.32819	6.4086456	6.457507	7.483426	7.104955	7.2569275	8.052107	7.3789315
DACT2	10.781547	10.248648	9.286308	7.878147	9.73998	9.667356	9.077868	7.9479656	6.650417	8.69229
RP1-197B17.3-004	1.3064399	1.4101921	2.1630645	3.5011854	3.3638132	4.4865193	3.9115212	3.4271336	4.775337	4.4550886
linc-ZNF366-5	3.134873	3.4312153	3.7429032	3.5949903	3.8806713	5.4829297	4.864511	4.5818152	5.4526253	4.5860415
PHLDA2	7.9554935	7.5572596	7.5644484	8.032634	7.55906	9.904622	8.984818	9.4778185	10.004402	8.911881
GPR64	5.810221	4.0765424	4.4167404	3.7617517	4.5055513	4.8528852	3.6678412	3.3730762	1.3427044	3.9146988
CCR7	5.5998545	5.128017	5.6793876	5.4960766	5.7438717	5.0015297	3.8152878	4.5442038	4.3163466	4.2669153
PRKD1	4.7353897	5.5990524	5.419009	5.4035826	5.255287	3.4455886	4.952328	4.176504	4.4130235	4.036236
LRRC34	4.283738	4.590645	4.3206973	4.3929057	4.813611	2.4317625	4.0164948	2.8755445	3.6404865	3.3769448
CCL26	5.0196714	5.9675817	5.0741014	4.3413777	4.413666	3.131355	4.182692	4.48985	4.078098	2.9532578
LOC100130476	2.9856973	3.2998254	3.888687	3.3265457	2.214169	5.4819193	5.3453317	5.8930225	5.9013023	5.151625
FAM117B	5.2558765	4.85818	5.105772	4.7270904	5.2550807	2.3294344	3.9241505	4.0617123	3.8672063	3.8631098
HIST2H2BE	7.3047934	6.5940285	6.98746	6.6363244	6.6491365	8.1521845	7.9943676	8.234983	8.093667	7.8220606
NXN	6.3162456	5.7237015	4.999295	5.846098	4.7841687	7.9757886	7.349348	5.9538865	7.67348	5.8178177
FR108880	4.715831	4.5566273	5.485701	5.1056757	5.668468	6.401955	6.4268346	7.3366776	6.9516296	7.047803
SLC1A2	3.7662327	4.1488585	4.568854	5.5112157	4.7175217	2.059532	3.0921073	3.3777115	4.472766	3.7412746
LOC101927373	6.443723	6.5827723	7.236217	6.9603252	7.3716893	8.11387	8.410827	8.176488	8.107036	8.305086
SPTLC3	4.4517307	4.460508	5.622078	5.4730616	5.811879	3.802769	4.3032804	4.019619	3.8541255	4.6417384
NOD2	5.8834267	4.616784	5.2947974	4.533879	6.412047	5.811089	6.028401	6.850749	6.7783484	7.411736
RP5-1148A21.3-001	5.5481176	5.4759827	5.663454	5.12172	5.7080774	6.7418423	6.722457	7.0714626	7.2691984	6.6631866
FR324997	4.6847973	3.917986	4.1746044	4.739616	3.8581755	3.5087483	3.2810028	3.2724662	2.6861887	3.5477223
THBS1	12.595501	12.893697	12.066172	10.827249	12.06815	10.341124	10.694914	10.087677	10.003626	10.303529
MT1E	13.356706	12.943051	12.893697	12.946089	13.329668	14.351719	14.237743	13.924143	14.243304	14.111173
AC026806.2-001	6.1720705	5.993132	5.664912	5.0083785	6.100828	3.5491333	4.7512555	5.188668	4.2672095	5.11918
ZNF503	9.382223	9.17413	8.625718	8.609742	8.736507	8.427429	8.49963	7.487798	7.199031	7.7262626
NRXN2	7.1537457	7.044975	6.638251	5.8558702	7.2268863	5.845982	6.1046877	5.7670918	4.7429457	6.387628
APBB1IP	9.61087	10.011513	10.045132	9.656767	9.599461	8.204102	8.794706	8.38241	7.707206	8.422443
DDX60L	7.615644	7.862628	7.4399548	7.2471275	7.545252	8.236536	9.149096	8.661459	8.61845	9.011604
FABP5	6.0138063	6.518269	6.1074214	6.270601	6.175231	4.7260566	4.83784	4.8359513	5.4332905	5.424866
TMEM71	4.7646217	4.055569	5.516861	4.477179	5.2661295	2.3257241	3.2249207	4.6610513	4.113157	4.286246
LPCAT2	6.097048	6.2679014	6.690117	6.4485407	6.717216	6.9857917	7.815244	7.662806	7.50457	7.500747
CTB-61M7.2-001	7.1732693	4.86225	5.434058	4.27394	5.5864997	5.1898355	4.1624107	4.048972	4.1456347	4.1223235
PLXNA4	6.8848014	6.7954574	6.3699737	5.360967	7.104536	4.80032	5.8064876	5.3314056	3.9001276	6.299206
CDKN3	6.182589	5.6148076	5.4989166	5.289448	6.0640416	4.987382	3.6129017	4.5405693	4.481432	5.0283732
C9orf116	4.4739532	4.8514333	5.0367146	4.6074514	4.434629	3.044113	4.0258923	3.5495243	3.9604168	3.5593581
ZNF180	4.259703	4.543049	4.8043513	4.9537344	4.732057	3.1238225	4.345297	3.0187948	3.2268531	3.2729857
PDXK	3.1647444	3.8315945	3.9782417	3.812008	2.6988125	4.466769	5.0696917	4.448374	4.6617584	4.275169
NHLH1	2.9628203	3.166804	3.0661016	3.0505118	3.1807501	4.740181	4.17205	4.74808	5.0247436	4.432572
LOC100288018	4.364125	4.201461	4.761415	5.621798	5.966322	1.3324438	2.5609994	2.6676018	2.8270178	2.497481
OSR1	5.0957003	5.1127405	4.903891	3.4193306	4.4068184	1.7434334	3.4738133	1.6874228	1.6308142	1.7305747
LOC100996756	4.612459	6.361222	5.662704	6.077087	5.9247727	3.1144125	1.337509	2.5967937	3.2885106	2.9134288
GLYATL3	3.9954252	3.8934743	4.462074	4.4175763	4.12054	5.8802347	5.455489	5.17721	4.566542	6.067361
linc-ZNF366-5	1.7094017	1.4063511	3.3624227	2.501233	2.8885067	5.4043384	4.438465	4.5871034	4.7205205	4.477179
IFIH1	9.822883	10.302571	9.993076	9.637228	10.193306	10.228982	11.163966	11.210872	11.18148	11.3145685
KIT	8.147392	5.452021	4.880381	4.9987125	5.9421353	6.5219045	4.69411	2.6352668	1.3766743	3.7313435
WISP1	8.969854	9.016692	8.62415	6.778499	9.635797	5.64931	6.683261	6.189173	5.0669556	7.343788
CYR61	10.605212	10.8130665	8.556426	8.281582	9.051802	8.130974	8.425376	7.115716	8.222854	6.962623
TNFRSF18	3.7447417	5.120463	4.610746	5.7034283	4.739172	6.8166666	6.598584	7.1952963	7.5277514	6.775286
KCNE1L	8.245713	7.096793	6.73958	6.7065244	7.024707	6.3473306	5.867934	6.1018286	5.5234756	6.4645724
AMIGO2	2.6622815	4.0405235	2.6715374	5.0618267	4.4020896	4.828029	6.5888495	5.08591	6.2097597	4.914531
linc-UMODL1-2	3.649031	3.2188973	4.631021	3.6617908	5.8054433	5.860824	5.199158	5.5398116	4.8699803	6.7971306
ANKRD5	5.496821	5.008935	4.579825	3.7374718	5.2182674	4.8308496	3.8257363	3.3254871	2.259078	4.476384
TNFRSF10B	9.930181	9.319243	10.033428	10.025627	9.908556	11.032319	10.693916	11.103954	10.98478	10.529875
IL6	9.999073	10.186966	9.918732	9.712968	10.371149	7.724906	7.715436	7.619469	7.224382	8.321685
SPECC1L-ADORA2A	5.8204727	5.5185556	6.0990915	6.9995914	5.754998	7.3733096	7.147999	7.4341493	8.632805	7.022568
DAW1	5.34427	6.60736	6.735707	5.552329	6.626786	4.3933597	5.878595	5.538294	3.9102352	5.4538097
PLCB1	9.277605	8.478254	8.648888	7.302463	8.261836	7.4807143	6.893678	7.7666125	4.8845654	7.440807
PCDH18	6.8476934	7.4555426	7.95989	8.080703	8.015298	5.721674	6.8210073	6.825629	6.646496	7.0203347
LINC00968-004	8.426043	9.485956	9.632788	9.069117	9.55361	7.327263	8.086776	7.8189287	7.643991	8.13856
CCL4	11.366646	8.805723	7.985244	7.5541544	8.935054	8.687188	6.877564	6.8204055	7.7345247	6.4686613
CYTIP	7.701382	6.131182	6.270375	4.8186884	6.2128515	3.2288463	3.3307784	2.3785167	1.3927798	2.965861
KB-1460A1.5-001	2.3586695	3.0426805	3.8483946	3.7258284	2.689376	4.616687	4.2998953	4.2810535	4.101526	3.8746305
linc-DGCR6-1	8.775094	9.509594	9.0494995	8.116774	8.919236	9.140573	10.362112	10.181468	10.527384	10.554583
CCNB1	9.1669235	8.072776	8.353865	8.524233	8.426043	6.9040327	6.6301894	7.7550817	7.698332	8.057579
RP11-327F22.6-001	5.323485	5.103715	5.006103	5.0717382	5.733976	5.620153	5.8230877	6.417787	6.3644137	7.024166
GALNTL2	7.915953	7.328355	8.411211	7.8338766	7.217912	7.0770717	6.648662	7.157174	6.610101	5.7457952
S1PR1	4.378803	3.73702	5.64931	6.220776	4.6427045	3.1279643	4.0648127	3.8994217	3.569104	2.3198214
IL24	7.099127	4.166885	5.056549	5.024412	6.001798	2.3725345	2.122476	1.4307932	3.0479693	3.0269494
G0S2	15.413351	14.765692	14.88279	15.016416	14.991303	13.705652	13.672049	13.422493	13.173217	13.558596
TRIB2	5.595126	4.8829823	4.577345	4.816494	5.4947796	3.870097	4.2201715	3.8259397	3.8225064	4.4969153
CCDC34	3.6443493	3.849561	3.952717	4.427888	4.2424936	1.8073051	2.636383	2.319291	2.9103343	2.2018332
FR339600	7.5306125	5.929569	4.9384556	5.4657254	7.049802	9.535423	8.206635	7.902212	6.969141	9.622881
linc-USPL1-1	4.8758893	4.114005	3.652529	4.009479	5.0814486	1.2704611	2.469469	3.4270623	2.4925756	3.8309321
CHRDL2	4.570331	4.0805664	3.5431278	4.596607	4.4461403	1.6178755	2.6218536	2.5533245	4.0739565	3.4724553
JAM2	6.469653	7.00339	7.3729086	7.880858	7.705403	8.002496	9.300948	9.437182	9.548101	8.9252615
linc-SLC35F5-2	2.891651	3.9264743	2.8235023	3.677336	4.1371317	4.5571594	4.7256308	4.6488233	4.473384	4.369478
DIRAS3	4.8868747	5.664215	5.5456724	7.208161	5.0759196	1.3120028	4.740778	3.7997596	4.398433	3.6542463
C7orf74	10.409736	9.584738	9.067436	8.987487	8.98506	8.464361	8.28994	8.2480135	8.246809	7.985732
ENC1	7.713944	7.934388	8.372968	8.231378	7.40188	6.1037536	7.2075567	7.003891	6.815164	6.3085957
FOS	8.456775	8.129834	8.555997	8.35448	8.5024395	7.1903377	6.9236465	7.5012307	7.380209	7.730573
CSTF3	2.7821987	3.5475612	3.660542	4.192452	3.8217971	4.308957	4.872286	4.5375547	4.869816	4.448523
GPX3	6.9087596	7.4447703	7.7969737	8.282079	7.0917296	8.829916	9.524879	9.037935	9.314658	8.067151
VMP1	8.959316	8.43352	7.912854	7.7122025	8.213702	7.5863485	7.39729	7.0657086	6.7096305	7.2520394
FR062961	5.9656644	5.940766	5.842724	6.2415476	6.5339975	7.5735264	7.1320095	7.0567307	6.6574426	7.975441
MT1L	3.6685042	2.70967	3.209587	3.9227617	3.8656247	5.6033015	4.978895	3.7612283	4.8987737	4.548974
LXN	9.000168	7.7879786	7.6134915	6.779735	7.5132914	7.1812415	6.446185	6.0056033	5.672166	5.8905396
PLCB1	8.720906	8.359462	8.593963	7.127965	8.011002	7.0505915	6.9208484	7.713796	5.505015	7.2352834
FR186324	5.9442534	5.2401996	5.609304	4.596312	6.232722	4.7721186	3.4241433	4.6173186	4.069661	5.3999667
FZD4	6.7933497	6.6173916	6.407864	7.346906	6.15356	5.0280643	5.505427	4.933816	5.839364	5.0758467
CXCL9	9.258694	6.5136805	4.717478	7.8349247	9.134262	6.188194	4.7841687	4.2283506	5.9205537	6.68602
IL24	6.7773414	4.279127	4.7384624	5.186324	5.911611	2.5987654	2.5738406	2.9353993	3.6477885	3.881248
C1orf53	5.717815	5.800854	6.354647	5.6991715	6.1802015	4.4260545	4.9997163	5.0904636	4.537126	5.150992
DIO2	7.477205	6.7484303	5.947291	5.467346	5.6224465	4.5894723	4.690548	3.6151953	4.5159545	4.2400937
SLC6A9	9.0826	8.736649	8.509509	6.8827558	8.347208	6.310959	5.9634223	6.829142	5.809603	6.998026
KIAA1199	11.50348	11.288166	11.425575	10.489328	11.578433	9.712968	9.8274	10.412767	9.3571205	10.466061
LNX1	7.1564274	7.127781	7.697102	6.788307	7.503051	6.222688	6.9797335	6.3438334	5.6250496	6.0134006
VLDLR	5.979387	5.550917	4.7074394	3.8795044	5.4523273	3.3609333	3.532303	3.6749752	3.7413888	4.6761265
PTGIR	5.748156	6.2677894	6.122562	5.8423905	5.567433	7.1535745	7.3162827	7.375886	8.280633	6.7565784
CC2D2A	5.45761	6.2711625	6.5498095	5.9447036	5.8900995	4.259536	5.4523273	5.2903666	4.662388	4.7403936
LOC100129171	12.019255	12.017663	12.339309	11.855453	12.417913	10.495393	10.283255	10.621529	9.89061	11.271453
LINC00944-002	5.553094	5.411084	6.025415	7.028406	6.681208	7.2126846	7.4373374	7.617809	7.7952757	7.4473014
LOC100130876	5.038992	4.913368	3.4661562	4.8108325	4.121842	5.8794503	5.902259	4.887009	5.2491865	5.645699
CD40	6.8150992	6.0993586	5.8404956	5.55432	5.5419245	7.6662307	7.4406533	7.3234525	6.9591203	6.5711565
TRAM2	9.400358	9.215111	9.532041	9.215325	9.235809	8.415242	8.389675	8.273519	7.7295246	8.163656
PLXNA4	6.970377	7.122877	6.8656487	5.584763	7.654506	5.2833724	6.017432	5.393993	4.528468	6.56434
CTGF	8.311936	8.936113	7.290106	6.5442967	8.254416	6.518916	7.579562	6.0003166	5.872362	6.5459714
CTB-167B5.2-001	7.423298	6.7912254	8.447153	5.1422524	7.5995736	5.8070683	5.9224653	5.8472505	4.065941	5.4819856
linc-JAK1-2	5.412222	5.3116717	5.099294	5.2282906	5.4331903	6.4638033	6.3990407	6.4562793	5.9253783	6.8914075
LOC101927249	4.7919254	4.050679	4.0335097	4.8088894	4.57829	1.8070416	3.6314328	2.9245062	3.4502926	3.2800055
RP11-496N12.9-001	5.625498	5.0125475	4.96464	4.3878717	5.3106833	4.786091	4.012986	2.985312	3.4856837	3.8822117
FR018579	6.0008636	5.336158	5.282562	4.864511	5.364875	3.7910085	3.9776192	4.2946596	4.1076717	4.613912
ELOVL7	7.610127	7.683473	7.7723074	7.573614	7.771815	8.7262335	9.348697	9.248274	8.223836	8.648128
TACC2	5.366955	5.0229087	6.074665	4.5804305	5.586112	4.3257246	4.3896894	4.604022	3.3251216	4.626388
CAP2	7.46474	7.1515293	7.2607126	5.6691546	6.2441754	4.7348294	5.473673	5.853454	4.46559	5.204496
CD40	6.9219065	6.027712	5.886094	5.4075494	6.15932	7.632468	7.457234	7.157699	7.1075077	6.5819683
AGAP1	8.121552	7.603968	7.4579625	7.040817	7.409186	7.001819	6.7583785	6.455559	5.8226357	6.4872956
TGM2	9.853086	9.27354	8.483885	6.516953	8.508892	6.041829	6.248418	5.5206857	2.9326398	6.39744
SYNPO2	1.7262356	1.7223305	3.02229	2.9474907	3.5100088	4.1792483	5.101966	4.2419314	4.2541366	4.0397882
PSAT1	5.0520496	5.2274704	5.9225473	4.9185476	5.178302	2.5226555	4.558031	4.7298417	4.2118406	3.9948974
WISP1	7.8072166	7.718313	7.4009557	5.7195554	8.567427	4.850592	5.519108	4.857524	3.7314641	6.206772
SNTB1	6.902824	7.0531635	7.2961564	6.660209	7.3690343	4.903532	5.3823915	5.5987086	4.9482865	5.6954136
FR363590	6.891792	6.271068	6.448063	6.5966253	7.567886	5.606173	5.956235	5.0830264	5.3737006	6.029897
PMEPA1	4.6293344	4.312725	4.539628	4.6459484	4.9056773	2.8850324	3.6687574	2.5487742	3.1741009	4.1467776
ZSCAN12	6.5944953	6.6344767	5.916528	6.027426	6.751487	8.041185	7.6885805	7.335936	6.6451273	8.448817
TRAF5	4.9349027	5.165098	4.587185	4.572058	5.3062854	3.0134394	4.288529	2.89068	3.626188	4.19933
STXBP6	4.603846	4.4629364	6.4004254	6.1097136	4.7496367	2.508023	4.3187814	5.2689843	4.8981996	3.8977299
RNU11-201	8.579579	9.506922	8.331527	8.302842	8.5728445	6.3143787	5.9922843	7.1600876	6.975147	8.298475
CCL5	11.664139	10.573414	11.369741	11.709421	9.9461355	9.677166	8.955452	9.979313	10.471117	8.087154
HIST1H1B	7.10203	7.537118	7.473747	7.4129233	7.0997925	5.7294273	5.3740363	6.482682	6.408893	7.1230016
ADAM19	6.6957703	5.4408712	5.4813576	3.7322416	5.2222576	3.727648	4.2378087	4.3850245	3.05266	4.1377373
linc-JAK1-2	4.275169	4.5219154	4.1241894	4.052027	4.6794996	5.332902	5.656512	5.785201	4.958821	6.139667
SPON1	6.297084	6.2043877	7.158436	6.873902	6.964408	4.715438	4.51322	6.161975	5.708255	5.869365
SP110	7.3992705	7.7489376	7.358326	7.2782903	7.746639	7.9535527	8.832085	8.612666	8.859411	8.811684
PERP	4.85818	5.4429407	5.9709034	5.9857264	4.8508224	6.8701057	6.9149623	7.2756233	7.4961877	5.6165004
CDCP1	9.064986	7.842591	7.1043324	6.777926	8.161232	7.3531113	6.4128604	6.541312	5.979587	7.214024
linc-ACVR2A-4	5.126546	5.8958035	5.1973085	5.208795	4.8265805	2.474134	4.725435	4.243512	3.3558602	4.3860855
CP	6.366049	6.850422	6.467962	6.3765354	7.5304914	5.4850187	6.3606806	5.532541	4.6446137	6.51838
SPTLC3	7.1869187	7.3812313	7.4456873	7.527962	7.4367075	6.3404593	6.389991	6.276064	6.2089777	6.6918373
KRT14	5.2007446	4.8388853	4.360831	3.7214594	4.940068	3.9802754	2.633063	3.675128	3.6702137	4.028603
linc-TSHZ2-1	8.024649	7.036019	7.763087	8.478471	7.9093676	6.7131386	5.948359	7.0809774	6.184007	7.024007
VGLL3	4.417126	4.5879173	4.401669	3.9754853	4.0004406	2.129099	3.2186663	1.4766268	2.0481632	1.2678964
PRICKLE1	7.304571	7.230912	7.4814315	7.1798706	7.5666842	5.7666283	6.075226	6.0253224	5.679616	5.9142985
AC003991.3-006	9.977482	8.871216	10.212999	7.213582	9.319788	7.2279844	7.7362394	7.269078	5.7045116	7.3163652
FAM108C1	6.883581	6.648662	7.476384	6.406438	7.208736	5.561147	5.620611	6.598696	5.110156	6.2720385
POPDC2	3.8336692	3.8977299	4.4442873	3.9353926	3.897414	5.3678484	5.4370475	5.1266255	5.112032	4.1166863
STAT5A	5.217972	5.145594	5.1409445	5.640271	5.1788635	6.1640396	6.073099	6.669206	6.910894	5.9205537
RP4-697K14.12-001	9.079511	9.513668	9.1344385	8.982539	9.253676	9.767677	10.576632	10.413207	10.922914	10.72054
KIAA1199	11.496548	11.402179	11.648708	10.780901	11.774191	9.565714	10.082325	10.602658	9.904622	10.95204
HAS2	8.920504	8.839879	9.549828	8.989612	8.981932	7.7216825	8.015126	7.714406	7.3372006	7.4401684
LOC101930617	6.9137626	5.624069	6.318408	5.524005	6.5947723	4.8180103	3.9730377	3.8220696	3.3925319	4.532528
CELF2	5.0326667	4.8033257	6.5022087	5.6083784	5.7746253	2.1793132	4.671081	5.0244613	3.7166271	3.6041055
FR244145	4.584223	5.3951263	6.48454	5.42828	5.744897	1.6523111	4.36843	4.8859453	4.162499	4.235669
CCL3L3	10.792238	8.902799	8.736133	8.327622	9.026326	7.9534354	6.493868	7.2798243	7.748601	6.889744
TREM1	10.108293	8.318225	6.80196	7.3648324	9.307656	8.494077	6.5618505	6.322788	6.720204	8.513878
GNA14	7.1719284	7.758737	8.053054	6.634301	6.606544	6.182589	6.398306	6.1964855	5.3527737	5.324079
linc-DHX37-4	4.742487	4.26417	4.2198987	4.530161	4.2401676	5.837693	5.5985003	6.157439	5.783656	5.851293
IFIT2	5.79468	5.910626	6.525669	5.753318	6.788601	6.1133785	7.863268	7.938625	8.437407	8.447287
TGM2	12.485068	12.142659	11.550615	9.059354	11.579724	7.7066703	8.402198	7.954666	6.1760225	8.536533
LOC101929319	4.431831	4.342664	3.25322	3.369437	4.233262	4.731017	5.575329	5.720308	4.8787327	5.439053
RSAD2	8.442147	9.22331	8.777045	8.465716	8.913848	8.642181	9.793504	9.949469	10.271181	10.473685
FAM102B	6.2356257	5.497821	6.0640755	5.48808	5.790265	5.2152925	4.8609915	5.084871	3.971402	4.7299953
GHR	5.280744	5.6825867	6.502918	5.9024534	6.18366	3.9572444	5.4438286	4.889429	4.7491317	5.029832
FTH1	15.551239	15.174802	15.099842	15.107437	15.168612	14.41542	14.298201	13.932631	13.901134	14.093025
KCTD15	5.5922823	4.5834417	5.4414625	5.5401516	5.4514184	3.6474135	4.1286716	3.9364567	3.9213219	4.0061026
FR224587	7.891383	8.484059	7.0960474	7.635142	7.353857	6.205844	6.995859	5.175509	6.226902	5.8935647
MAST4	5.910191	5.2655773	5.245513	4.145867	5.031816	4.454919	3.991101	4.277104	3.7841203	3.9246962
CLEC2D	4.9533424	4.8313155	4.169157	4.8992677	4.3440933	5.1437335	6.219165	5.664775	5.8444743	5.329307
SLC38A3-008	7.9883785	7.7419715	7.556617	7.503051	7.842123	6.516131	6.188194	6.626786	7.235358	6.898715
IL36G	2.8831377	2.2306244	3.828693	5.499072	1.7806958	5.0274873	5.856818	6.8405933	7.6947174	4.34634
CYP24A1	7.2237315	4.940068	5.931919	4.6913314	6.438295	3.2993877	2.1611853	2.6924584	1.3106161	3.412561
LOC100130560	5.8979535	5.185389	5.5283837	5.2522707	5.871893	7.051521	6.6067667	6.7782297	6.096723	7.108083
AC005682.8-001	3.0809155	4.4243593	4.4387374	3.7755795	4.8822002	6.220371	5.997873	6.6979303	5.2898946	6.55249
ZNF521	5.9510612	6.4670157	7.0467196	6.5875115	6.4500856	4.298233	5.7005806	5.8029866	5.1925173	5.64675
HES4	5.512637	6.15932	5.8190217	6.2725344	5.449019	6.610101	6.014469	6.9489355	7.7433105	7.349101
FR070335	5.4197626	5.4551296	5.6654015	3.530686	4.208047	2.8022501	3.72571	1.2281888	3.288254	2.6532578
linc-SLC35F5-2	3.317851	2.1624894	3.4712324	3.7902822	3.4262547	4.8832173	3.688671	4.470999	4.668797	4.0464096
CTD-2033D15.1-001	8.417251	7.272616	7.309	5.864957	7.224948	5.2060175	5.523643	4.9766426	4.601403	5.0781255
LINC00944-004	5.7510686	5.0975685	5.1738772	6.161095	6.037655	6.6939836	6.684621	6.944965	6.7388806	6.565634
VASH2	5.149954	4.618446	5.420658	5.3464813	4.845097	4.1044383	4.075156	4.591488	4.161185	2.7221966
ADORA2B	5.537381	4.984432	5.5305996	5.4335136	5.499828	2.8552864	4.048431	5.119446	4.393022	4.3515964
FOXQ1	5.342301	5.9998956	7.5348253	7.3700876	7.3141155	5.1046586	4.995944	5.78528	6.142107	6.0999665
TNFRSF10B	9.5721245	9.23545	9.802135	9.718635	9.638345	10.813498	10.582093	10.848082	10.876789	10.350913
LINC00473-002	6.0078573	6.0675325	5.754998	6.170112	5.7837462	4.40659	4.8947415	5.1409445	4.1572294	5.2228427
RHOB	10.897073	12.038902	11.774191	11.650722	10.748252	9.720276	10.519216	10.138563	10.40073	9.743747
linc-ZNF366-7	3.7741566	3.0378635	4.178074	3.6078517	3.539625	4.4263964	4.637073	4.1477485	5.2243114	4.7447557
SLC22A15	4.8104877	4.5064344	4.201236	4.380646	4.233876	2.6755874	4.265309	2.4034536	3.170227	3.402094
DIO2	7.352442	6.4625077	5.715243	5.0158777	5.3019357	3.9730377	4.332074	4.4170427	3.3971505	3.7075973
EGR1	5.852538	5.7116513	5.1881027	5.183321	6.071282	3.9470446	4.008141	3.086199	3.7231452	4.2678366
ABTB2	6.499626	6.7938313	6.8910336	7.0633	6.709835	7.9942374	7.672019	8.323779	8.408501	7.8452406
OASL	8.545229	9.902293	8.468014	7.8880534	8.967631	9.146967	10.067281	10.010517	10.801859	11.16098
PLXNA4	9.309554	9.198326	8.7953005	7.6649013	9.483494	7.5841537	8.146214	7.609497	6.46749	8.461521
RAB7B	4.018987	5.6459303	5.0264735	5.5866885	4.498925	2.1916623	4.648989	4.4000893	4.210255	3.1723278
RAB27B	10.151023	9.6953945	10.320865	10.279258	9.891836	9.073952	8.852023	8.869626	7.7832575	8.543544
SLC5A3	10.339504	9.229582	9.540585	9.873403	9.263933	9.488547	8.399617	8.719407	8.238651	8.257137
IBSP	6.2097597	7.692319	6.225917	5.7452354	6.722952	3.3281462	4.523389	4.6705894	3.4899344	4.0920677
DUSP1	9.3848095	8.896393	8.983575	8.795427	9.417411	8.325862	7.993826	7.954544	7.617317	8.213823
PHACTR1	7.592788	7.059559	7.4100146	7.619142	7.94063	8.436943	8.611385	8.588264	8.61974	8.523406
IGF1	6.34392	7.347765	7.8520927	7.8175917	6.5234528	2.1403503	6.07255	6.3087234	6.004461	5.1468725
MMP3	13.430379	12.467555	10.550031	12.589975	12.956253	12.417913	11.17013	9.999073	9.968665	11.306177
linc-COG2-2	4.6655025	3.4492166	3.716252	3.7704148	3.8895988	2.6776385	3.6080906	2.4632623	1.2887287	2.5964167
linc-TTC35-1	6.4394026	5.9263935	5.944171	6.052752	6.3786006	3.728944	4.2303224	3.7443707	4.6043334	4.991756
BAI3	5.9812994	6.41919	5.17369	3.8381448	7.339216	3.9615545	5.0547643	4.2395115	2.2468145	6.9809713
IL1RN	8.119384	9.446433	11.283511	11.908055	8.209434	6.7749634	8.195597	10.760742	10.219083	7.751893
HSPA1B	9.363812	9.240965	9.748913	9.88032	9.752143	11.151877	11.366102	10.984227	11.39277	10.990695
PATL2	4.8284874	4.663493	4.210846	4.760135	4.5559683	5.8871026	5.2380414	5.5635037	5.8301997	5.677758
C2orf89	3.131574	5.284878	5.584376	6.071004	4.4634557	5.066407	6.314006	7.088246	7.8773	5.183321
KALRN	4.1506057	5.173083	5.2811213	4.8665566	4.462615	2.9277463	4.1354246	4.1707263	3.1605802	3.489267
linc-WDR7-7	8.923096	8.464877	8.564267	8.514061	8.068757	8.002702	7.2074366	7.2762685	6.1894746	6.9862227
CPOX	4.5594053	4.803434	4.4760036	4.254503	4.693282	2.198869	3.6173832	2.9729435	2.7233443	3.4524968
SERPINE1	11.68589	10.406455	9.453058	9.193895	10.025461	8.841047	8.529523	8.224173	8.617976	8.348917
NEK10	4.4674478	5.4755616	5.336949	5.566832	4.8512063	6.100974	6.804077	6.3371525	6.427862	5.759399
LINC00473	8.033231	7.9155498	7.6637864	8.178053	7.542501	6.4330053	6.234555	6.9248466	5.959557	7.2181582
IL33	11.07648	9.310089	11.493816	13.311907	11.72314	9.610409	8.65013	10.835558	11.454943	10.661334
C1GALT1	4.2279854	5.362355	4.2451715	3.6210175	4.769722	2.746432	4.091398	2.7162397	2.551232	4.0308995
MRGPRF	7.911913	8.43895	8.825143	8.383985	8.061024	6.9632215	7.1294684	7.5511475	7.2074366	7.097459
CMPK2	8.147249	9.200302	8.448817	8.121883	8.878732	8.209434	9.747703	9.791341	10.272821	10.347358
CD300E	7.861767	5.864957	5.305779	4.409268	5.6283455	5.130338	4.1433654	3.2390018	3.7835443	4.6292286
IL8	11.76495	12.267783	11.931766	11.981567	12.60342	9.67648	9.6908455	9.48298	8.982138	10.03873
FR278395	5.7798004	4.799241	5.6780033	5.4320636	5.385182	3.817803	4.7395267	4.432243	4.433033	4.3874607
C3orf52	3.5993733	3.997846	4.1383133	4.540256	5.207024	5.6181974	5.410827	5.403038	5.545041	5.983952
LOC727916	3.167841	4.513733	4.791186	4.379581	4.367558	5.7611265	6.163427	6.215035	6.4499416	5.4836836
FR319944	5.9958787	5.24302	4.311671	3.7142243	5.221866	4.3824997	3.258957	3.9318109	2.029667	4.47892
SLC7A7	6.697117	4.739441	4.77118	4.7836437	5.000208	4.492361	4.3007627	3.9785545	4.2095966	3.7679858
linc-ELTD1-2	5.911717	6.476748	7.038625	6.0551405	6.3564243	5.019736	5.6169972	6.029989	4.9055977	5.2281103
HIST1H2BJ	4.7808146	4.628907	5.484358	5.3682847	5.2699633	5.9794693	6.1078997	6.6469107	6.5158134	6.5000706
RCAN1	11.094859	10.703709	9.735069	9.052417	10.315826	8.86128	8.670177	7.5818996	6.941658	7.858037
MT1M	10.196839	9.461678	8.851588	9.086352	9.2225065	11.139478	10.764832	10.228653	10.842772	10.107498
linc-STK38L	2.2792134	2.7617767	3.9161487	3.124684	2.575226	4.7804093	4.314826	3.732646	4.375452	3.9618096
LINC00968-006	7.1139784	8.451252	8.563654	7.843026	8.298929	6.1872516	6.898334	6.6498456	6.3783975	6.6998334
FR346361	7.681165	8.402442	7.9404545	7.964902	8.060367	8.019714	8.90366	9.19875	9.703102	9.74047
SAMD9	7.0602627	7.9402523	7.648523	7.707562	8.446288	7.6331763	9.274988	8.601408	9.101896	9.628993
CXCL1	16.81359	16.26504	16.180973	15.907455	16.627554	15.047045	14.986133	14.472831	13.988123	15.050743
CD274	8.469266	6.9899845	6.254537	7.244121	7.8104134	8.579154	8.727867	8.05662	9.069599	8.549104
PLIN2	6.7563453	5.735615	5.8947496	5.781943	6.7811255	4.640955	4.609125	4.5542364	4.7418356	5.2243114
IL8	10.789471	9.648199	9.9027815	10.057769	9.924483	8.732126	8.039202	7.842802	7.4101834	8.193626
N4BP2L1	6.604732	6.3686676	6.3105755	6.226467	6.6122184	7.6814084	7.113006	7.6749063	7.5921483	7.6560273
linc-DHX37-4	3.0453196	3.4216037	3.4335735	4.3435407	4.5077553	5.593792	5.408771	5.656796	5.328808	5.660037
SERPINA1	8.633588	8.561918	9.524401	10.150417	8.849206	8.147678	7.897645	8.41024	8.288767	7.9136662
CDCA7L	5.4808483	5.0997534	5.7471476	5.108064	5.181138	3.9680707	4.73246	4.268795	4.352981	4.1342077
INSIG1	6.220776	6.1919994	6.675778	5.9555902	6.893678	5.064975	5.600066	5.439738	4.9481487	5.506706
LINC00944-003	3.628943	4.1395044	4.5096593	5.137649	5.173206	5.260813	5.5778737	5.779892	5.413652	5.9810457
IGFBP1	6.094211	5.2765985	7.8443475	5.7008758	5.4032187	4.326347	4.026101	5.7751055	3.8623416	4.2198987
linc-SCYL1-2	2.8948336	3.3634207	2.9187279	3.6441753	3.7168112	5.0114937	4.37298	4.434198	4.666455	4.8464794
KRTAP5-7	7.9473276	7.035809	6.2807026	6.6332855	7.985244	9.936972	9.241883	8.875132	7.787289	10.504507
LOC101929116	3.5319319	4.5900908	4.7236547	4.4753428	4.3204126	5.2843747	5.23524	5.456843	5.6248546	5.1757135
RP11-662I13.2-001	3.2938457	3.7667663	4.4569616	5.263873	3.8930593	5.32577	5.077488	5.4716034	5.7933927	4.6614785
TNFSF8	3.4407125	3.5455852	3.7403417	4.362056	3.9523213	6.1394625	6.6585455	6.0645804	6.93282	6.271068
MRGPRX3	3.9261403	1.5651766	2.3380501	1.8618441	1.5546813	6.215252	4.9833064	4.7203608	5.6015677	5.092546
SPON1-002	8.336224	8.485215	9.173473	8.86128	8.857004	7.4111366	6.82187	8.270852	7.8310423	8.048513
IL19	6.310466	5.126064	5.203242	4.562826	5.0386577	3.4321609	3.8929677	2.4307601	4.0883894	3.7115638
USP41	7.7345247	7.2083817	7.591274	6.836708	7.718313	8.249939	9.138086	9.043875	9.465444	9.515338
MMP12-001	8.261461	6.66552	4.944334	6.7410707	8.138348	5.8013506	4.27509	3.5341413	3.94731	5.5100837
BRE-AS1	4.5629473	4.3144574	5.1170864	6.372077	4.424716	1.3638889	3.4095244	2.7976031	3.062457	1.3151453
TIAM2	6.276635	6.606346	7.1608505	7.1135406	7.06416	7.3860846	8.089033	8.179184	8.265589	7.837219
PRDM2	5.3654623	5.5966434	5.8991985	5.551467	5.4584208	6.7554708	6.7158313	7.138796	6.929999	6.6044946
SPINK13	4.96464	5.4044733	5.184106	4.57973	5.3759904	4.0864277	3.7655034	3.282599	3.4869878	4.058946
C10orf90	5.4220276	5.06135	6.0408754	5.3370786	5.3848004	2.8217602	3.6392848	4.102082	2.9473574	4.0194607
AC003991.3-007	10.1543255	9.194378	10.544553	7.654506	9.802331	7.533087	8.18379	7.75633	6.307359	7.5288057
AKR1C1	8.826696	8.80902	9.560622	9.951956	9.1435795	8.255978	7.63288	8.539423	7.828703	8.28584
LOC101929786	2.4857721	4.042536	3.9077396	3.9015875	4.2711196	4.3727503	4.596391	4.9062886	4.7620797	5.161042
KLF7-IT1-001	5.3978586	4.6885633	3.910967	4.2807927	4.4240847	3.3464081	3.9988735	2.6239226	3.1409361	4.208242
SERPINB2	9.789302	8.85334	8.439923	10.306453	7.657178	7.347765	6.126626	7.3125534	7.9338083	5.7078915
USP18	9.014948	9.776469	9.252175	8.4197035	9.194378	9.304716	10.723616	10.58828	10.8701315	10.854537
EHD3	6.3404593	6.546996	6.2089186	5.492267	6.2360935	4.439339	5.323485	4.669403	4.6040926	4.764231
LOC389300	2.014602	2.459867	3.1930094	3.1749415	3.1380417	5.06831	4.4722176	4.5082235	5.171284	4.2529154
RP11-326F20.5-002	5.7443614	5.6181493	6.299865	5.3265824	5.605385	6.872777	7.3712497	7.170542	7.123622	6.7798047
CHAC1	4.178261	5.406269	5.4211926	3.9829402	5.641094	1.7370381	3.716252	3.31754	3.8108869	4.067863
FBLIM1	5.3916454	5.633083	5.373964	4.814607	5.505617	2.913961	4.4700828	4.1713657	4.5426617	4.067029
THBS2	7.0921655	8.0341625	7.935135	7.9333186	6.974827	5.6337337	6.14468	6.427302	6.094645	5.560399
FR080590	5.0171914	4.872286	4.347831	4.897643	6.430498	6.782384	6.4387727	5.846098	5.1546082	6.832193
RP11-550I24.2-004	3.020527	3.669302	3.3330576	3.0487099	3.828303	4.4116483	4.72185	3.8880308	5.435653	4.014631
ATP8B1	3.8971894	3.6885881	4.0045643	3.7238798	4.2673426	1.69588	3.1371348	2.4465055	2.322253	3.2164173
FABP5	4.347831	5.034851	4.886772	4.8829823	4.991479	2.7370508	3.577439	4.8512063	3.6645653	3.8051772
SPTLC3	6.848104	6.616167	7.4663115	7.1661377	7.3608665	5.7417574	6.3048005	5.516246	5.057248	5.9684606
linc-TAGAP-2	9.93304	9.631763	6.937107	9.129816	9.307928	11.212911	10.816145	9.660521	10.096847	11.122012
TIMP3	14.508567	14.015374	14.2282715	13.54767	15.024583	13.244384	13.388316	13.011554	12.202564	13.738388
STEAP4	10.228203	9.563462	10.531177	7.2671423	9.55971	7.7084866	7.9894896	7.4543304	5.8958035	7.1770616
PKNOX2	5.3047605	5.253814	5.303282	3.279594	5.734367	3.369437	4.430261	3.6227117	1.7136774	4.343275
CD274	8.43076	7.1251216	6.635153	7.633726	8.027516	8.6671095	9.005718	8.246663	9.208579	8.791966
CSF3	13.558596	13.491996	12.674528	13.100313	12.842668	10.565409	10.84752	10.900622	10.806919	11.018619
RP4-715N11.2-006	7.789238	6.4080276	7.7066703	7.891466	7.3046646	6.459529	5.7610173	6.9604707	5.7565784	6.6962643
linc-ISLR2-3	6.336651	5.661832	5.3654623	5.1366916	6.512481	6.3524265	6.7339096	7.1107206	6.7057495	7.4263096
FR039099	8.064062	8.952353	8.880661	9.480159	8.338656	6.6842003	7.643156	7.547375	7.607268	7.4811583
CTD-2319I12.1-008	7.0682273	6.801347	7.5242143	5.7940054	6.2431636	4.566447	4.502937	5.510503	3.8657775	4.9279003
RP11-212I21.4-001	3.2413235	3.047768	3.777926	3.4849033	3.290801	4.595059	4.3631544	4.5179253	4.513299	4.269622
FR344093	5.62318	5.0247436	4.447054	4.674072	4.3306155	4.6213055	4.0215864	4.1880984	3.0957046	3.1555202
KCNH1	7.232103	7.268674	6.486221	6.2097597	7.0993037	5.805309	5.6942782	4.6102905	4.1087813	5.312203
LOC101929231	3.3921218	3.0139241	2.6461384	2.7800367	1.4707947	5.447082	4.9568925	4.1407895	4.5481267	3.9627295
HOOK2	5.934341	5.9014645	5.6727724	5.230131	5.655418	6.8954034	6.740779	6.969245	6.671566	6.5431542
C6orf132	7.617886	7.261899	7.0557055	5.940766	6.6413546	6.2107368	6.113531	5.585162	5.6825867	5.521593
LPCAT2	6.732298	7.048633	7.228181	6.7457166	7.0701737	7.6317334	8.48357	8.117315	7.987706	7.7843113
KIT	8.055094	5.395507	4.854255	4.7843966	5.670129	6.460418	4.4157333	2.4208045	3.1397278	3.9312778
linc-FCN1-2	6.2200255	4.2201715	4.6446137	5.411609	5.880151	7.423841	6.1278	5.9245915	5.825314	7.5874577
C13orf33	13.576372	12.773828	13.610859	13.288187	13.648535	12.482376	12.154543	12.3065195	11.844362	12.378564
LOC101927963	4.0168495	5.206454	5.706764	4.80962	5.5631113	4.3795195	6.16453	6.9223495	6.9186187	6.6941757
SPDYE8P	3.9795134	1.2826365	3.2390018	3.008041	3.3703005	5.15731	4.238355	4.335988	4.321529	3.7422504
KIAA0895L	5.1397476	4.405789	5.321948	4.259536	4.576873	2.7355838	3.8139033	3.7819822	3.4087691	3.9460258
linc-SKA3-3	8.281085	8.881096	8.503022	8.315354	8.891654	6.8393116	7.3806562	7.6318316	7.439353	7.785985
LOC101929768	4.2450376	4.0395555	4.4068184	4.6778035	3.8881683	5.3864436	5.3008685	5.0717382	5.967668	5.500725
CXCL12	7.6048865	7.709958	6.8521733	7.152977	7.2736883	5.996014	6.625022	5.75159	5.649963	6.0003915
NDC1	5.7923193	5.3447223	5.4324965	5.709398	5.524117	3.3356993	4.961055	4.5351696	4.6448193	4.683328
ACSL4	13.565232	12.938531	12.911158	12.974126	13.291957	11.8601055	12.152391	12.031413	11.724424	12.339993
LOC101928584	8.278546	7.8931437	7.3700876	7.859532	7.8468447	6.650877	6.596501	6.227154	6.3860927	7.025902
CXCL1	17.349327	17.54692	17.420242	16.978016	17.599049	15.907455	16.185106	15.761889	15.630744	16.40108
RP11-400F19.8-001	5.909485	4.4931955	3.3038375	4.03584	5.2107105	7.0757103	5.8353977	5.8515615	4.9454875	6.804077
CH25H	11.793474	11.423243	11.896225	11.490432	11.257948	10.613037	10.580601	10.712371	10.182197	10.112416
ALDH1L2	7.0046625	7.010098	7.039674	6.5717473	7.160309	5.2335024	6.303597	6.1223555	5.6176925	5.927505
CTD-2001E22.2-002	5.0821733	5.3087006	5.1611886	4.3943887	5.1412277	3.1278577	4.413179	3.467942	3.1991966	4.582948
RPS6KA5	3.2191856	3.6688087	4.5860415	4.3115063	4.6465755	5.830307	5.6947694	5.5917144	4.828121	6.5229826
SLC16A7	6.991374	6.3429084	6.69839	5.909434	6.5821857	5.863644	5.4770374	5.0190663	4.517445	5.4995112
SNORD3A-001	11.221079	10.315826	10.292917	10.320865	10.791823	7.2239733	6.550393	7.038241	7.2721767	7.5956573
